camera_matrix:
  rows: 3
  cols: 3
  data: [381.8807373046875, 0.0, 322.2801513671875, 0.0, 381.5128173828125, 240.49618530273438, 0.0, 0.0, 1.0]

distortion_coefficients:
  rows: 1
  cols: 5
  data: [-0.06061301752924919, 0.07247751951217651, -0.0005712418933399022, 0.0006042780005373061, -0.02339904010295868]